Step all features:

[[0.83999997 0.92000002 0.87111109 0.91111112 0.94222224 0.92888892
  0.9066667  0.92444444 0.8888889  0.93777776]
 [0.90222222 0.87555557 0.8888889  0.92444444 0.91111112 0.85777777
  0.90222222 0.91111112 0.83999997 0.9066667 ]
 [0.85333335 0.85333335 0.78222221 0.88       0.89333332 0.8977778
  0.8977778  0.94666666 0.91111112 0.94222224]
 [0.8977778  0.90222222 0.87111109 0.88       0.90222222 0.86666667
  0.9066667  0.8977778  0.93777776 0.91111112]
 [0.92444444 0.88444442 0.81777775 0.92888892 0.91111112 0.84444445
  0.92888892 0.9066667  0.88444442 0.90222222]
 [0.85333335 0.87555557 0.80000001 0.91111112 0.93777776 0.90222222
  0.91555554 0.94222224 0.91555554 0.93333334]
 [0.8977778  0.85777777 0.86222219 0.8977778  0.8977778  0.87111109
  0.87111109 0.95555556 0.91111112 0.93333334]
 [0.91111112 0.8888889  0.84888887 0.89333332 0.93777776 0.9066667
  0.92000002 0.93777776 0.89333332 0.92444444]
 [0.9066667  0.92888892 0.80888891 0.88       0.84888887 0.9066667
  0.92000002 0.93777776 0.8977778  0.8888889 ]
 [0.89333332 0.90222222 0.87111109 0.84888887 0.91555554 0.85333335
  0.91555554 0.92444444 0.91111112 0.92444444]]

Step 1 features:

[[0.88       0.78666669 0.78666669 0.85777777 0.84444445 0.83999997 0.8977778  0.82222223 0.88       0.84888887]
 [0.8977778  0.86666667 0.83555555 0.83555555 0.85333335 0.85777777 0.86666667 0.84444445 0.85777777 0.86666667]
 [0.88       0.86222219 0.82222223 0.82222223 0.87111109 0.81333333
  0.84888887 0.87555557 0.84888887 0.8977778 ]
 [0.83111113 0.83999997 0.86222219 0.87111109 0.88       0.88
  0.86666667 0.87111109 0.86222219 0.84888887]
 [0.86666667 0.83555555 0.85777777 0.83999997 0.86222219 0.84888887
  0.83555555 0.81777775 0.83555555 0.84444445]
 [0.87111109 0.85777777 0.81777775 0.81333333 0.89333332 0.84888887
  0.87555557 0.88444442 0.85777777 0.76444447]
 [0.86222219 0.82666665 0.86222219 0.80000001 0.84888887 0.85777777
  0.8977778  0.79555553 0.87111109 0.88      ]
 [0.84444445 0.83555555 0.86222219 0.87111109 0.87555557 0.85333335
  0.88444442 0.84444445 0.87111109 0.87555557]
 [0.83111113 0.84444445 0.88444442 0.79555553 0.86222219 0.84444445
  0.90222222 0.83999997 0.87111109 0.86666667]
 [0.88       0.77777779 0.80444443 0.84888887 0.85333335 0.83111113
  0.87111109 0.85333335 0.88444442 0.85777777]]

Step 2 features:

[[0.82666665 0.79111111 0.82222223 0.85777777 0.88       0.87111109
  0.86222219 0.82666665 0.85333335 0.86222219]
 [0.81333333 0.79555553 0.73777777 0.80888891 0.88444442 0.86666667
  0.88       0.85333335 0.86666667 0.84888887]
 [0.86666667 0.83999997 0.77777779 0.84444445 0.8888889  0.81333333
  0.85777777 0.83555555 0.86222219 0.81777775]
 [0.80888891 0.81777775 0.73333335 0.82222223 0.87555557 0.82222223
  0.80000001 0.83111113 0.79111111 0.75111109]
 [0.83111113 0.81777775 0.69777775 0.79555553 0.85777777 0.86222219
  0.84888887 0.82666665 0.84444445 0.87111109]
 [0.84888887 0.83555555 0.80888891 0.80888891 0.83111113 0.84444445
  0.88       0.78666669 0.83999997 0.83111113]
 [0.77777779 0.86222219 0.70666665 0.79555553 0.81777775 0.82222223
  0.88       0.86666667 0.77333331 0.83999997]
 [0.84444445 0.83555555 0.74666667 0.84888887 0.85333335 0.87111109
  0.86666667 0.83111113 0.80888891 0.87555557]
 [0.86222219 0.81333333 0.80888891 0.83111113 0.81777775 0.76888889
  0.85333335 0.81777775 0.86222219 0.88      ]
 [0.82222223 0.76888889 0.73333335 0.84444445 0.82222223 0.76888889
  0.86666667 0.83555555 0.81333333 0.88      ]]